FILE: 耙三样_耙牛肉_菜品销售统计_2026-10-05_19_01_42_mt956492lk_1791198102677.xlsx

#### sheet: 菜品销售统计  (A1:O270)  max_row=270 max_col=15
R1   | 菜品销售统计 |  |  |  |  |  |  |  |  |  |  |  |  |  | 
R2   | 营业日期：【2026/09/07 至 2026/09/13】；销售方式：【单品+套餐明细】；统计方式：【菜品名称】；统计规则：【同名菜品合并统计】；显示菜品分类【否】；星期：【全部】；菜品分类：【全部】；菜品名称：【全部】；菜品编码：【全部】；订单分类：【全部】；菜品下单来源：【全部】；收银员：【全部】；点菜员：【全部】；桌台名称：【全部】；桌台区域：【全部】；只看临时菜【否】；加料(配菜)单独统计【否】；餐盒单独统计【否】 |  |  |  |  |  |  |  |  |  |  |  |  |  | 
R3   | 菜品名称 | 销售数量 | 销售数量占比 | 销售额(元) | 销售额占比 | 菜品收入(元) | 菜品收入占比 | 菜品优惠(元) | 菜品优惠占比 | 销售额构成 |  |  | 菜品收入构成 |  | 
R4   |  |  |  |  |  |  |  |  |  | 菜品 | 关联做法 | 关联餐盒 | 菜品 | 关联做法 | 关联餐盒
R5   | 快餐15元 | 930.0 | 0.2835 | 13950.0 | 0.4209 | 11848.37 | 0.3908 | 2101.63 | 0.7435 | 13950.0 | 0.0 | 0.0 | 11848.37 | 0.0 | 0.0
R6   | 旧国宾 | 209.0 | 0.0637 | 1045.0 | 0.0315 | 1040.45 | 0.0343 | 4.55 | 0.0016 | 1045.0 | 0.0 | 0.0 | 1040.45 | 0.0 | 0.0
R7   | 东鹏特饮 | 141.0 | 0.043 | 705.0 | 0.0213 | 507.03 | 0.0167 | 197.97 | 0.07 | 705.0 | 0.0 | 0.0 | 507.03 | 0.0 | 0.0
R8   | 小面 | 139.0 | 0.0424 | 1033.0 | 0.0312 | 1033.0 | 0.0341 | 0.0 | 0.0 | 1033.0 | 0.0 | 0.0 | 1033.0 | 0.0 | 0.0
R9   | 韭叶 | 128.0 | 0.039 | 916.0 | 0.0276 | 916.0 | 0.0302 | 0.0 | 0.0 | 916.0 | 0.0 | 0.0 | 916.0 | 0.0 | 0.0
R10  | 米线 | 88.0 | 0.0268 | 628.0 | 0.0189 | 622.31 | 0.0205 | 5.69 | 0.002 | 628.0 | 0.0 | 0.0 | 622.31 | 0.0 | 0.0
R11  | 龙凤呈祥硬老龙凤/盒 | 85.0 | 0.0259 | 1275.0 | 0.0385 | 1267.91 | 0.0418 | 7.09 | 0.0025 | 1275.0 | 0.0 | 0.0 | 1267.91 | 0.0 | 0.0
R12  | 农夫山泉饮用天然水1.5L | 82.0 | 0.025 | 287.0 | 0.0087 | 284.95 | 0.0094 | 2.05 | 0.0007 | 287.0 | 0.0 | 0.0 | 284.95 | 0.0 | 0.0
R13  | 抄手 | 75.0 | 0.0229 | 940.0 | 0.0284 | 940.0 | 0.031 | 0.0 | 0.0 | 940.0 | 0.0 | 0.0 | 940.0 | 0.0 | 0.0
R14  | 打包盒 | 56.0 | 0.0171 | 56.0 | 0.0017 | 56.0 | 0.0018 | 0.0 | 0.0 | 56.0 | 0.0 | 0.0 | 56.0 | 0.0 | 0.0
R15  | 龙凤呈祥软魅力朝天门香烟/盒 | 52.0 | 0.0159 | 676.0 | 0.0204 | 676.0 | 0.0223 | 0.0 | 0.0 | 676.0 | 0.0 | 0.0 | 676.0 | 0.0 | 0.0
R16  | 百事可乐 | 47.0 | 0.0143 | 141.0 | 0.0043 | 141.0 | 0.0047 | 0.0 | 0.0 | 141.0 | 0.0 | 0.0 | 141.0 | 0.0 | 0.0
R17  | 小料 | 32.0 | 0.0098 | 140.89 | 0.0043 | 132.93 | 0.0044 | 7.96 | 0.0028 | 140.89 | 0.0 | 0.0 | 132.93 | 0.0 | 0.0
R18  | 煎蛋 | 31.0 | 0.0095 | 62.0 | 0.0019 | 62.0 | 0.002 | 0.0 | 0.0 | 62.0 | 0.0 | 0.0 | 62.0 | 0.0 | 0.0
R19  | 国宾罐装 | 30.0 | 0.0091 | 210.0 | 0.0063 | 126.73 | 0.0042 | 83.27 | 0.0295 | 210.0 | 0.0 | 0.0 | 126.73 | 0.0 | 0.0
R20  | 康师傅冰红茶柠檬味1L | 30.0 | 0.0091 | 150.0 | 0.0045 | 150.0 | 0.0049 | 0.0 | 0.0 | 150.0 | 0.0 | 0.0 | 150.0 | 0.0 | 0.0
R21  | 乐堡瓶 | 28.0 | 0.0085 | 196.0 | 0.0059 | 196.0 | 0.0065 | 0.0 | 0.0 | 196.0 | 0.0 | 0.0 | 196.0 | 0.0 | 0.0
R22  | 新国宾 | 25.0 | 0.0076 | 150.0 | 0.0045 | 150.0 | 0.0049 | 0.0 | 0.0 | 150.0 | 0.0 | 0.0 | 150.0 | 0.0 | 0.0
R23  | 农夫山泉饮用天然水 | 25.0 | 0.0076 | 50.0 | 0.0015 | 50.0 | 0.0016 | 0.0 | 0.0 | 50.0 | 0.0 | 0.0 | 50.0 | 0.0 | 0.0
R24  | 云烟特制精品紫云香烟/盒 | 24.0 | 0.0073 | 312.0 | 0.0094 | 312.0 | 0.0103 | 0.0 | 0.0 | 312.0 | 0.0 | 0.0 | 312.0 | 0.0 | 0.0
R25  | 东鹏多喝多润菊花蜜茶1.25L | 24.0 | 0.0073 | 120.0 | 0.0036 | 99.0 | 0.0033 | 21.0 | 0.0074 | 120.0 | 0.0 | 0.0 | 99.0 | 0.0 | 0.0
R26  | 快餐5元 | 22.0 | 0.0067 | 110.0 | 0.0033 | 110.0 | 0.0036 | 0.0 | 0.0 | 110.0 | 0.0 | 0.0 | 110.0 | 0.0 | 0.0
R27  | 龙凤呈祥细支遇见香烟/盒 | 21.0 | 0.0064 | 315.0 | 0.0095 | 315.0 | 0.0104 | 0.0 | 0.0 | 315.0 | 0.0 | 0.0 | 315.0 | 0.0 | 0.0
R28  | 东鹏补水啦电解质饮料白桃味1L | 20.0 | 0.0061 | 120.0 | 0.0036 | 61.0 | 0.002 | 59.0 | 0.0209 | 120.0 | 0.0 | 0.0 | 61.0 | 0.0 | 0.0
R29  | 东鹏果之茶蜜桃乌龙果汁茶饮料1L | 20.0 | 0.0061 | 100.0 | 0.003 | 72.0 | 0.0024 | 28.0 | 0.0099 | 100.0 | 0.0 | 0.0 | 72.0 | 0.0 | 0.0
R30  | 统一阿萨姆原味奶茶饮料500ml | 18.0 | 0.0055 | 72.0 | 0.0022 | 72.0 | 0.0024 | 0.0 | 0.0 | 72.0 | 0.0 | 0.0 | 72.0 | 0.0 | 0.0
R31  | 东鹏大咖生椰拿铁咖啡饮料500ml | 17.0 | 0.0052 | 119.0 | 0.0036 | 62.47 | 0.0021 | 56.53 | 0.02 | 119.0 | 0.0 | 0.0 | 62.47 | 0.0 | 0.0
R32  | 康师傅茉莉蜜茶1L | 17.0 | 0.0052 | 85.0 | 0.0026 | 85.0 | 0.0028 | 0.0 | 0.0 | 85.0 | 0.0 | 0.0 | 85.0 | 0.0 | 0.0
R33  | 雪碧碳酸饮料清爽柠檬味500ml | 17.0 | 0.0052 | 51.0 | 0.0015 | 51.0 | 0.0017 | 0.0 | 0.0 | 51.0 | 0.0 | 0.0 | 51.0 | 0.0 | 0.0
R34  | 可口可乐碳酸饮料500ml6954767412573 | 17.0 | 0.0052 | 51.0 | 0.0015 | 51.0 | 0.0017 | 0.0 | 0.0 | 51.0 | 0.0 | 0.0 | 51.0 | 0.0 | 0.0
R35  | 加工 | 16.5 | 0.005 | 247.5 | 0.0075 | 247.5 | 0.0082 | 0.0 | 0.0 | 247.5 | 0.0 | 0.0 | 247.5 | 0.0 | 0.0
R36  | 快餐10元 | 16.0 | 0.0049 | 160.0 | 0.0048 | 160.0 | 0.0053 | 0.0 | 0.0 | 160.0 | 0.0 | 0.0 | 160.0 | 0.0 | 0.0
R37  | 刀削 | 16.0 | 0.0049 | 114.0 | 0.0034 | 114.0 | 0.0038 | 0.0 | 0.0 | 114.0 | 0.0 | 0.0 | 114.0 | 0.0 | 0.0
R38  | 菠萝啤 | 15.0 | 0.0046 | 45.0 | 0.0014 | 44.5 | 0.0015 | 0.5 | 0.0002 | 45.0 | 0.0 | 0.0 | 44.5 | 0.0 | 0.0
R39  | 龙凤呈祥硬世纪朝天门硬/盒 | 14.0 | 0.0043 | 140.0 | 0.0042 | 140.0 | 0.0046 | 0.0 | 0.0 | 140.0 | 0.0 | 0.0 | 140.0 | 0.0 | 0.0
R40  | 耙牛肉（半斤） | 13.0 | 0.004 | 412.83 | 0.0125 | 394.25 | 0.013 | 18.58 | 0.0066 | 412.83 | 0.0 | 0.0 | 394.25 | 0.0 | 0.0
R41  | 东鹏补水啦电解质饮料柠檬味1L | 13.0 | 0.004 | 78.0 | 0.0024 | 70.69 | 0.0023 | 7.31 | 0.0026 | 78.0 | 0.0 | 0.0 | 70.69 | 0.0 | 0.0
R42  | 天子硬中支/盒 | 11.0 | 0.0034 | 275.0 | 0.0083 | 275.0 | 0.0091 | 0.0 | 0.0 | 275.0 | 0.0 | 0.0 | 275.0 | 0.0 | 0.0
R43  | 贵烟黑跨越/盒 | 11.0 | 0.0034 | 264.0 | 0.008 | 264.0 | 0.0087 | 0.0 | 0.0 | 264.0 | 0.0 | 0.0 | 264.0 | 0.0 | 0.0
R44  | 东鹏果之茶西柚茉莉 | 11.0 | 0.0034 | 55.0 | 0.0017 | 43.0 | 0.0014 | 12.0 | 0.0042 | 55.0 | 0.0 | 0.0 | 43.0 | 0.0 | 0.0
R45  | 米饭 | 11.0 | 0.0034 | 15.85 | 0.0005 | 13.89 | 0.0005 | 1.96 | 0.0007 | 15.85 | 0.0 | 0.0 | 13.89 | 0.0 | 0.0
R46  | 耙牛筋（半斤） | 10.0 | 0.003 | 324.29 | 0.0098 | 317.98 | 0.0105 | 6.31 | 0.0022 | 324.29 | 0.0 | 0.0 | 317.98 | 0.0 | 0.0
R47  | 云烟特制珍品软装香烟/盒 | 10.0 | 0.003 | 230.0 | 0.0069 | 230.0 | 0.0076 | 0.0 | 0.0 | 230.0 | 0.0 | 0.0 | 230.0 | 0.0 | 0.0
R48  | 黄鹤楼硬金砂香烟/盒 | 10.0 | 0.003 | 170.0 | 0.0051 | 170.0 | 0.0056 | 0.0 | 0.0 | 170.0 | 0.0 | 0.0 | 170.0 | 0.0 | 0.0
R49  | 真龙凌云97S硬盒/盒 | 10.0 | 0.003 | 170.0 | 0.0051 | 170.0 | 0.0056 | 0.0 | 0.0 | 170.0 | 0.0 | 0.0 | 170.0 | 0.0 | 0.0
R50  | 玉米雪糕 | 10.0 | 0.003 | 20.0 | 0.0006 | 18.18 | 0.0006 | 1.82 | 0.0006 | 20.0 | 0.0 | 0.0 | 18.18 | 0.0 | 0.0
R51  | 餐位米饭 | 10.0 | 0.003 | 12.36 | 0.0004 | 11.04 | 0.0004 | 1.32 | 0.0005 | 12.36 | 0.0 | 0.0 | 11.04 | 0.0 | 0.0
R52  | 快餐12元 | 9.0 | 0.0027 | 108.0 | 0.0033 | 108.0 | 0.0036 | 0.0 | 0.0 | 108.0 | 0.0 | 0.0 | 108.0 | 0.0 | 0.0
R53  | 蛋炒饭 | 9.0 | 0.0027 | 90.0 | 0.0027 | 90.0 | 0.003 | 0.0 | 0.0 | 90.0 | 0.0 | 0.0 | 90.0 | 0.0 | 0.0
R54  | 东鹏补水啦电解质饮料西柚味1L | 9.0 | 0.0027 | 54.0 | 0.0016 | 41.5 | 0.0014 | 12.5 | 0.0044 | 54.0 | 0.0 | 0.0 | 41.5 | 0.0 | 0.0
R55  | 自助小料 | 9.0 | 0.0027 | 29.55 | 0.0009 | 29.41 | 0.001 | 0.14 | 0.0 | 29.55 | 0.0 | 0.0 | 29.41 | 0.0 | 0.0
R56  | 美年达碳酸饮料橙味500ml | 9.0 | 0.0027 | 27.0 | 0.0008 | 24.88 | 0.0008 | 2.12 | 0.0008 | 27.0 | 0.0 | 0.0 | 24.88 | 0.0 | 0.0
R57  | 玉溪简香烟/盒 | 8.0 | 0.0024 | 184.0 | 0.0056 | 184.0 | 0.0061 | 0.0 | 0.0 | 184.0 | 0.0 | 0.0 | 184.0 | 0.0 | 0.0
R58  | 韭菜炒蛋 | 8.0 | 0.0024 | 128.0 | 0.0039 | 123.83 | 0.0041 | 4.17 | 0.0015 | 128.0 | 0.0 | 0.0 | 123.83 | 0.0 | 0.0
R59  | 肥肠二两 | 8.0 | 0.0024 | 128.0 | 0.0039 | 121.0 | 0.004 | 7.0 | 0.0025 | 128.0 | 0.0 | 0.0 | 121.0 | 0.0 | 0.0
R60  | 杂酱二两 | 8.0 | 0.0024 | 96.0 | 0.0029 | 96.0 | 0.0032 | 0.0 | 0.0 | 96.0 | 0.0 | 0.0 | 96.0 | 0.0 | 0.0
R61  | 联系吧员免费停 | 8.0 | 0.0024 | 46.18 | 0.0014 | 40.42 | 0.0013 | 5.76 | 0.002 | 46.18 | 0.0 | 0.0 | 40.42 | 0.0 | 0.0
R62  | 东鹏果之茶柠檬红茶1L | 8.0 | 0.0024 | 40.0 | 0.0012 | 32.0 | 0.0011 | 8.0 | 0.0028 | 40.0 | 0.0 | 0.0 | 32.0 | 0.0 | 0.0
R63  | 肥肠三两 | 7.0 | 0.0021 | 126.0 | 0.0038 | 126.0 | 0.0042 | 0.0 | 0.0 | 126.0 | 0.0 | 0.0 | 126.0 | 0.0 | 0.0
R64  | 8元快餐 | 7.0 | 0.0021 | 56.0 | 0.0017 | 56.0 | 0.0018 | 0.0 | 0.0 | 56.0 | 0.0 | 0.0 | 56.0 | 0.0 | 0.0
R65  | 鸭血 | 7.0 | 0.0021 | 32.09 | 0.001 | 29.16 | 0.001 | 2.93 | 0.001 | 32.09 | 0.0 | 0.0 | 29.16 | 0.0 | 0.0
R66  | 王老吉凉茶植物饮料310ml | 7.0 | 0.0021 | 28.0 | 0.0008 | 19.0 | 0.0006 | 9.0 | 0.0032 | 28.0 | 0.0 | 0.0 | 19.0 | 0.0 | 0.0
R67  | 百岁山饮用天然矿泉水570ml/瓶 | 7.0 | 0.0021 | 21.0 | 0.0006 | 21.0 | 0.0007 | 0.0 | 0.0 | 21.0 | 0.0 | 0.0 | 21.0 | 0.0 | 0.0
R68  | 包包白 | 7.0 | 0.0021 | 19.48 | 0.0006 | 17.49 | 0.0006 | 1.99 | 0.0007 | 19.48 | 0.0 | 0.0 | 17.49 | 0.0 | 0.0
R69  | 老冰棍 | 7.0 | 0.0021 | 7.0 | 0.0002 | 7.0 | 0.0002 | 0.0 | 0.0 | 7.0 | 0.0 | 0.0 | 7.0 | 0.0 | 0.0
R70  | 毛血旺 | 6.0 | 0.0018 | 248.0 | 0.0075 | 248.0 | 0.0082 | 0.0 | 0.0 | 248.0 | 0.0 | 0.0 | 248.0 | 0.0 | 0.0
R71  | 耙肥肠（四两） | 6.0 | 0.0018 | 140.4 | 0.0042 | 135.92 | 0.0045 | 4.48 | 0.0016 | 140.4 | 0.0 | 0.0 | 135.92 | 0.0 | 0.0
R72  | 老村长谷色谷香 | 6.0 | 0.0018 | 132.0 | 0.004 | 132.0 | 0.0044 | 0.0 | 0.0 | 132.0 | 0.0 | 0.0 | 132.0 | 0.0 | 0.0
R73  | 黄金叶商鼎中支香烟/盒 | 6.0 | 0.0018 | 120.0 | 0.0036 | 120.0 | 0.004 | 0.0 | 0.0 | 120.0 | 0.0 | 0.0 | 120.0 | 0.0 | 0.0
R74  | 牛肉滑 | 6.0 | 0.0018 | 108.18 | 0.0033 | 94.5 | 0.0031 | 13.68 | 0.0048 | 108.18 | 0.0 | 0.0 | 94.5 | 0.0 | 0.0
R75  | 娇子格调细支硬盒香烟/盒 | 6.0 | 0.0018 | 90.0 | 0.0027 | 90.0 | 0.003 | 0.0 | 0.0 | 90.0 | 0.0 | 0.0 | 90.0 | 0.0 | 0.0
R76  | 茶π蜜桃乌龙茶900ml | 6.0 | 0.0018 | 42.0 | 0.0013 | 42.0 | 0.0014 | 0.0 | 0.0 | 42.0 | 0.0 | 0.0 | 42.0 | 0.0 | 0.0
R77  | 焙好茶茉莉绿茶 | 6.0 | 0.0018 | 30.0 | 0.0009 | 21.0 | 0.0007 | 9.0 | 0.0032 | 30.0 | 0.0 | 0.0 | 21.0 | 0.0 | 0.0
R78  | 康师傅冰糖雪梨1L | 6.0 | 0.0018 | 30.0 | 0.0009 | 30.0 | 0.001 | 0.0 | 0.0 | 30.0 | 0.0 | 0.0 | 30.0 | 0.0 | 0.0
R79  | 元气森林冰茶葡萄柚绿茶900ml | 6.0 | 0.0018 | 30.0 | 0.0009 | 30.0 | 0.001 | 0.0 | 0.0 | 30.0 | 0.0 | 0.0 | 30.0 | 0.0 | 0.0
R80  | 乐虎500ml | 6.0 | 0.0018 | 30.0 | 0.0009 | 22.0 | 0.0007 | 8.0 | 0.0028 | 30.0 | 0.0 | 0.0 | 22.0 | 0.0 | 0.0
R81  | 江马枸杞酒 | 6.0 | 0.0018 | 24.0 | 0.0007 | 24.0 | 0.0008 | 0.0 | 0.0 | 24.0 | 0.0 | 0.0 | 24.0 | 0.0 | 0.0
R82  | 耙萝卜 | 6.0 | 0.0018 | 23.21 | 0.0007 | 20.24 | 0.0007 | 2.97 | 0.0011 | 23.21 | 0.0 | 0.0 | 20.24 | 0.0 | 0.0
R83  | 土豆 | 6.0 | 0.0018 | 21.75 | 0.0007 | 19.3 | 0.0006 | 2.45 | 0.0009 | 21.75 | 0.0 | 0.0 | 19.3 | 0.0 | 0.0
R84  | 康师傅茉莉蜜茶500ml | 6.0 | 0.0018 | 18.0 | 0.0005 | 18.0 | 0.0006 | 0.0 | 0.0 | 18.0 | 0.0 | 0.0 | 18.0 | 0.0 | 0.0
R85  | 豆芽 | 6.0 | 0.0018 | 11.62 | 0.0004 | 10.13 | 0.0003 | 1.49 | 0.0005 | 11.62 | 0.0 | 0.0 | 10.13 | 0.0 | 0.0
R86  | 正达苹果防风打火机50-708 | 6.0 | 0.0018 | 6.0 | 0.0002 | 6.0 | 0.0002 | 0.0 | 0.0 | 6.0 | 0.0 | 0.0 | 6.0 | 0.0 | 0.0
R87  | 黄鹤楼软蓝过滤嘴香烟/盒 | 5.0 | 0.0015 | 100.0 | 0.003 | 100.0 | 0.0033 | 0.0 | 0.0 | 100.0 | 0.0 | 0.0 | 100.0 | 0.0 | 0.0
R88  | 天子金硬盒/盒 | 5.0 | 0.0015 | 100.0 | 0.003 | 100.0 | 0.0033 | 0.0 | 0.0 | 100.0 | 0.0 | 0.0 | 100.0 | 0.0 | 0.0
R89  | 红汤大锅 | 5.0 | 0.0015 | 93.64 | 0.0028 | 80.12 | 0.0026 | 13.52 | 0.0048 | 93.64 | 0.0 | 0.0 | 80.12 | 0.0 | 0.0
R90  | 牛肉三两 | 5.0 | 0.0015 | 90.0 | 0.0027 | 90.0 | 0.003 | 0.0 | 0.0 | 90.0 | 0.0 | 0.0 | 90.0 | 0.0 | 0.0
R91  | 郡花 | 5.0 | 0.0015 | 64.24 | 0.0019 | 61.68 | 0.002 | 2.56 | 0.0009 | 64.24 | 0.0 | 0.0 | 61.68 | 0.0 | 0.0
R92  | 炒时蔬 | 5.0 | 0.0015 | 60.0 | 0.0018 | 60.0 | 0.002 | 0.0 | 0.0 | 60.0 | 0.0 | 0.0 | 60.0 | 0.0 | 0.0
R93  | 油酥花生 | 5.0 | 0.0015 | 40.0 | 0.0012 | 32.0 | 0.0011 | 8.0 | 0.0028 | 40.0 | 0.0 | 0.0 | 32.0 | 0.0 | 0.0
R94  | 鹌鹑蛋 | 5.0 | 0.0015 | 36.15 | 0.0011 | 34.69 | 0.0011 | 1.46 | 0.0005 | 36.15 | 0.0 | 0.0 | 34.69 | 0.0 | 0.0
R95  | 茶π柠檬红茶900ml | 5.0 | 0.0015 | 35.0 | 0.0011 | 35.0 | 0.0012 | 0.0 | 0.0 | 35.0 | 0.0 | 0.0 | 35.0 | 0.0 | 0.0
R96  | 起泡豆干 | 5.0 | 0.0015 | 34.63 | 0.001 | 32.05 | 0.0011 | 2.58 | 0.0009 | 34.63 | 0.0 | 0.0 | 32.05 | 0.0 | 0.0
R97  | 联系吧员免费停车 | 5.0 | 0.0015 | 26.85 | 0.0008 | 26.6 | 0.0009 | 0.25 | 0.0001 | 26.85 | 0.0 | 0.0 | 26.6 | 0.0 | 0.0
R98  | 康师傅绿茶1L | 5.0 | 0.0015 | 25.0 | 0.0008 | 25.0 | 0.0008 | 0.0 | 0.0 | 25.0 | 0.0 | 0.0 | 25.0 | 0.0 | 0.0
R99  | 外星人维C车厘子蔓越莓 | 5.0 | 0.0015 | 25.0 | 0.0008 | 25.0 | 0.0008 | 0.0 | 0.0 | 25.0 | 0.0 | 0.0 | 25.0 | 0.0 | 0.0
R100 | 元气森林冰茶冰爆柠檬900 | 5.0 | 0.0015 | 25.0 | 0.0008 | 25.0 | 0.0008 | 0.0 | 0.0 | 25.0 | 0.0 | 0.0 | 25.0 | 0.0 | 0.0
R101 | 统一鲜橙多果汁450ml | 5.0 | 0.0015 | 17.5 | 0.0005 | 17.5 | 0.0006 | 0.0 | 0.0 | 17.5 | 0.0 | 0.0 | 17.5 | 0.0 | 0.0
R102 | 心相印小(10送2) | 5.0 | 0.0015 | 5.0 | 0.0002 | 5.0 | 0.0002 | 0.0 | 0.0 | 5.0 | 0.0 | 0.0 | 5.0 | 0.0 | 0.0
R103 | 泡椒酸菜鱼 | 4.8 | 0.0015 | 134.4 | 0.0041 | 134.4 | 0.0044 | 0.0 | 0.0 | 134.4 | 0.0 | 0.0 | 134.4 | 0.0 | 0.0
R104 | 蒜泥黄瓜 | 4.0 | 0.0012 | 48.0 | 0.0014 | 36.0 | 0.0012 | 12.0 | 0.0042 | 48.0 | 0.0 | 0.0 | 36.0 | 0.0 | 0.0
R105 | 小菜豆腐汤 | 4.0 | 0.0012 | 48.0 | 0.0014 | 48.0 | 0.0016 | 0.0 | 0.0 | 48.0 | 0.0 | 0.0 | 48.0 | 0.0 | 0.0
R106 | 梅林午餐肉 | 4.0 | 0.0012 | 36.17 | 0.0011 | 34.25 | 0.0011 | 1.92 | 0.0007 | 36.17 | 0.0 | 0.0 | 34.25 | 0.0 | 0.0
R107 | 百事可乐碳酸饮料2L | 4.0 | 0.0012 | 32.0 | 0.001 | 32.0 | 0.0011 | 0.0 | 0.0 | 32.0 | 0.0 | 0.0 | 32.0 | 0.0 | 0.0
R108 | 东鹏东方大鹏 | 4.0 | 0.0012 | 28.0 | 0.0008 | 28.0 | 0.0009 | 0.0 | 0.0 | 28.0 | 0.0 | 0.0 | 28.0 | 0.0 | 0.0
R109 | 东方树叶青柑普洱900ML | 4.0 | 0.0012 | 28.0 | 0.0008 | 28.0 | 0.0009 | 0.0 | 0.0 | 28.0 | 0.0 | 0.0 | 28.0 | 0.0 | 0.0
R110 | 补水啦电解质雪梨555ml | 4.0 | 0.0012 | 16.0 | 0.0005 | 12.0 | 0.0004 | 4.0 | 0.0014 | 16.0 | 0.0 | 0.0 | 12.0 | 0.0 | 0.0
R111 | 四元面包 | 4.0 | 0.0012 | 16.0 | 0.0005 | 16.0 | 0.0005 | 0.0 | 0.0 | 16.0 | 0.0 | 0.0 | 16.0 | 0.0 | 0.0
R112 | 桃芸花香物语 | 4.0 | 0.0012 | 12.0 | 0.0004 | 12.0 | 0.0004 | 0.0 | 0.0 | 12.0 | 0.0 | 0.0 | 12.0 | 0.0 | 0.0
R113 | 德华手剥酸奶 | 4.0 | 0.0012 | 12.0 | 0.0004 | 12.0 | 0.0004 | 0.0 | 0.0 | 12.0 | 0.0 | 0.0 | 12.0 | 0.0 | 0.0
R114 | 水煮肉片 | 3.0 | 0.0009 | 114.0 | 0.0034 | 114.0 | 0.0038 | 0.0 | 0.0 | 114.0 | 0.0 | 0.0 | 114.0 | 0.0 | 0.0
R115 | 湘潭铺子枸杞槟榔 | 3.0 | 0.0009 | 90.0 | 0.0027 | 90.0 | 0.003 | 0.0 | 0.0 | 90.0 | 0.0 | 0.0 | 90.0 | 0.0 | 0.0
R116 | 白利群香烟硬包新版/盒 | 3.0 | 0.0009 | 54.0 | 0.0016 | 54.0 | 0.0018 | 0.0 | 0.0 | 54.0 | 0.0 | 0.0 | 54.0 | 0.0 | 0.0
R117 | 小郎酒经典白酒45度100ml | 3.0 | 0.0009 | 54.0 | 0.0016 | 54.0 | 0.0018 | 0.0 | 0.0 | 54.0 | 0.0 | 0.0 | 54.0 | 0.0 | 0.0
R118 | 青椒皮蛋 | 3.0 | 0.0009 | 48.0 | 0.0014 | 48.0 | 0.0016 | 0.0 | 0.0 | 48.0 | 0.0 | 0.0 | 48.0 | 0.0 | 0.0
R119 | 苦瓜炒蛋 | 3.0 | 0.0009 | 48.0 | 0.0014 | 48.0 | 0.0016 | 0.0 | 0.0 | 48.0 | 0.0 | 0.0 | 48.0 | 0.0 | 0.0
R120 | 三色豆花 | 3.0 | 0.0009 | 36.0 | 0.0011 | 36.0 | 0.0012 | 0.0 | 0.0 | 36.0 | 0.0 | 0.0 | 36.0 | 0.0 | 0.0
R121 | 怡派手工夹心桂圆 | 3.0 | 0.0009 | 30.0 | 0.0009 | 30.0 | 0.001 | 0.0 | 0.0 | 30.0 | 0.0 | 0.0 | 30.0 | 0.0 | 0.0
R122 | 可口可乐碳酸饮料2L | 3.0 | 0.0009 | 24.0 | 0.0007 | 20.31 | 0.0007 | 3.69 | 0.0013 | 24.0 | 0.0 | 0.0 | 20.31 | 0.0 | 0.0
R123 | 东方树叶无糖乌龙茶原味900ml | 3.0 | 0.0009 | 21.0 | 0.0006 | 21.0 | 0.0007 | 0.0 | 0.0 | 21.0 | 0.0 | 0.0 | 21.0 | 0.0 | 0.0
R124 | 红牛牛磺酸饮料 | 3.0 | 0.0009 | 18.0 | 0.0005 | 18.0 | 0.0006 | 0.0 | 0.0 | 18.0 | 0.0 | 0.0 | 18.0 | 0.0 | 0.0
R125 | 洁柔古龙纸 | 3.0 | 0.0009 | 18.0 | 0.0005 | 18.0 | 0.0006 | 0.0 | 0.0 | 18.0 | 0.0 | 0.0 | 18.0 | 0.0 | 0.0
R126 | 康师傅大食桶面（泡椒牛肉） | 3.0 | 0.0009 | 18.0 | 0.0005 | 18.0 | 0.0006 | 0.0 | 0.0 | 18.0 | 0.0 | 0.0 | 18.0 | 0.0 | 0.0
R127 | 豆干 | 3.0 | 0.0009 | 16.14 | 0.0005 | 14.85 | 0.0005 | 1.29 | 0.0005 | 16.14 | 0.0 | 0.0 | 14.85 | 0.0 | 0.0
R128 | 随变蓝莓橙子味雪糕 | 3.0 | 0.0009 | 15.0 | 0.0005 | 15.0 | 0.0005 | 0.0 | 0.0 | 15.0 | 0.0 | 0.0 | 15.0 | 0.0 | 0.0
R129 | 维他命柑橘风味 | 3.0 | 0.0009 | 15.0 | 0.0005 | 15.0 | 0.0005 | 0.0 | 0.0 | 15.0 | 0.0 | 0.0 | 15.0 | 0.0 | 0.0
R130 | 康师傅酸梅汤 | 3.0 | 0.0009 | 15.0 | 0.0005 | 15.0 | 0.0005 | 0.0 | 0.0 | 15.0 | 0.0 | 0.0 | 15.0 | 0.0 | 0.0
R131 | 冰鲜柠檬水900Ml | 3.0 | 0.0009 | 15.0 | 0.0005 | 15.0 | 0.0005 | 0.0 | 0.0 | 15.0 | 0.0 | 0.0 | 15.0 | 0.0 | 0.0
R132 | 元气森林冰茶青梅茉莉味 | 3.0 | 0.0009 | 15.0 | 0.0005 | 15.0 | 0.0005 | 0.0 | 0.0 | 15.0 | 0.0 | 0.0 | 15.0 | 0.0 | 0.0
R133 | 停车劵 | 3.0 | 0.0009 | 12.27 | 0.0004 | 6.56 | 0.0002 | 5.71 | 0.002 | 12.27 | 0.0 | 0.0 | 6.56 | 0.0 | 0.0
R134 | 苏打水天然柠檬味 | 3.0 | 0.0009 | 12.0 | 0.0004 | 12.0 | 0.0004 | 0.0 | 0.0 | 12.0 | 0.0 | 0.0 | 12.0 | 0.0 | 0.0
R135 | 元气森林白桦苏打水360Ml | 3.0 | 0.0009 | 12.0 | 0.0004 | 12.0 | 0.0004 | 0.0 | 0.0 | 12.0 | 0.0 | 0.0 | 12.0 | 0.0 | 0.0
R136 | 农夫山泉矿泉水 | 3.0 | 0.0009 | 9.0 | 0.0003 | 9.0 | 0.0003 | 0.0 | 0.0 | 9.0 | 0.0 | 0.0 | 9.0 | 0.0 | 0.0
R137 | 打包 | 3.0 | 0.0009 | 6.0 | 0.0002 | 6.0 | 0.0002 | 0.0 | 0.0 | 6.0 | 0.0 | 0.0 | 6.0 | 0.0 | 0.0
R138 | 康师傅饮用纯净水 | 3.0 | 0.0009 | 6.0 | 0.0002 | 6.0 | 0.0002 | 0.0 | 0.0 | 6.0 | 0.0 | 0.0 | 6.0 | 0.0 | 0.0
R139 | 醉和成精制槟榔100g | 2.0 | 0.0006 | 70.0 | 0.0021 | 70.0 | 0.0023 | 0.0 | 0.0 | 70.0 | 0.0 | 0.0 | 70.0 | 0.0 | 0.0
R140 | 天子千里江山细支硬/盒 | 2.0 | 0.0006 | 60.0 | 0.0018 | 60.0 | 0.002 | 0.0 | 0.0 | 60.0 | 0.0 | 0.0 | 60.0 | 0.0 | 0.0
R141 | 大锅 | 2.0 | 0.0006 | 56.0 | 0.0017 | 56.0 | 0.0018 | 0.0 | 0.0 | 56.0 | 0.0 | 0.0 | 56.0 | 0.0 | 0.0
R142 | 农家腊肉 | 2.0 | 0.0006 | 56.0 | 0.0017 | 56.0 | 0.0018 | 0.0 | 0.0 | 56.0 | 0.0 | 0.0 | 56.0 | 0.0 | 0.0
R143 | 青椒肉丝 | 2.0 | 0.0006 | 44.0 | 0.0013 | 44.0 | 0.0015 | 0.0 | 0.0 | 44.0 | 0.0 | 0.0 | 44.0 | 0.0 | 0.0
R144 | 牙梗 | 2.0 | 0.0006 | 44.0 | 0.0013 | 44.0 | 0.0015 | 0.0 | 0.0 | 44.0 | 0.0 | 0.0 | 44.0 | 0.0 | 0.0
R145 | 小锅 | 2.0 | 0.0006 | 40.0 | 0.0012 | 40.0 | 0.0013 | 0.0 | 0.0 | 40.0 | 0.0 | 0.0 | 40.0 | 0.0 | 0.0
R146 | 黄鹤楼硬天下名楼香烟小盒/盒 | 2.0 | 0.0006 | 32.0 | 0.001 | 32.0 | 0.0011 | 0.0 | 0.0 | 32.0 | 0.0 | 0.0 | 32.0 | 0.0 | 0.0
R147 | 牛肉二两 | 2.0 | 0.0006 | 32.0 | 0.001 | 32.0 | 0.0011 | 0.0 | 0.0 | 32.0 | 0.0 | 0.0 | 32.0 | 0.0 | 0.0
R148 | 泡椒郡花三两 | 2.0 | 0.0006 | 32.0 | 0.001 | 32.0 | 0.0011 | 0.0 | 0.0 | 32.0 | 0.0 | 0.0 | 32.0 | 0.0 | 0.0
R149 | 黄瓜皮蛋汤 | 2.0 | 0.0006 | 30.0 | 0.0009 | 30.0 | 0.001 | 0.0 | 0.0 | 30.0 | 0.0 | 0.0 | 30.0 | 0.0 | 0.0
R150 | 青椒肉丝盖饭 | 2.0 | 0.0006 | 30.0 | 0.0009 | 30.0 | 0.001 | 0.0 | 0.0 | 30.0 | 0.0 | 0.0 | 30.0 | 0.0 | 0.0
R151 | 青口大吉大荔荔枝爆珠槟榔 | 2.0 | 0.0006 | 30.0 | 0.0009 | 30.0 | 0.001 | 0.0 | 0.0 | 30.0 | 0.0 | 0.0 | 30.0 | 0.0 | 0.0
R152 | 番茄蛋汤 | 2.0 | 0.0006 | 30.0 | 0.0009 | 30.0 | 0.001 | 0.0 | 0.0 | 30.0 | 0.0 | 0.0 | 30.0 | 0.0 | 0.0
R153 | 杂酱三两 | 2.0 | 0.0006 | 28.0 | 0.0008 | 28.0 | 0.0009 | 0.0 | 0.0 | 28.0 | 0.0 | 0.0 | 28.0 | 0.0 | 0.0
R154 | 耙芋儿 | 2.0 | 0.0006 | 24.0 | 0.0007 | 24.0 | 0.0008 | 0.0 | 0.0 | 24.0 | 0.0 | 0.0 | 24.0 | 0.0 | 0.0
R155 | 益达木糖醇口香糖蓝莓味40粒56g | 2.0 | 0.0006 | 24.0 | 0.0007 | 24.0 | 0.0008 | 0.0 | 0.0 | 24.0 | 0.0 | 0.0 | 24.0 | 0.0 | 0.0
R156 | 泡椒鸭血 | 2.0 | 0.0006 | 24.0 | 0.0007 | 24.0 | 0.0008 | 0.0 | 0.0 | 24.0 | 0.0 | 0.0 | 24.0 | 0.0 | 0.0
R157 | 汰渍洗衣粉净白去渍1.36kg | 2.0 | 0.0006 | 23.0 | 0.0007 | 23.0 | 0.0008 | 0.0 | 0.0 | 23.0 | 0.0 | 0.0 | 23.0 | 0.0 | 0.0
R158 | 雪碧碳酸饮料2L | 2.0 | 0.0006 | 16.0 | 0.0005 | 16.0 | 0.0005 | 0.0 | 0.0 | 16.0 | 0.0 | 0.0 | 16.0 | 0.0 | 0.0
R159 | 外星人电解质水荔枝海盐950 | 2.0 | 0.0006 | 16.0 | 0.0005 | 16.0 | 0.0005 | 0.0 | 0.0 | 16.0 | 0.0 | 0.0 | 16.0 | 0.0 | 0.0
R160 | 干溜小面 | 2.0 | 0.0006 | 14.0 | 0.0004 | 14.0 | 0.0005 | 0.0 | 0.0 | 14.0 | 0.0 | 0.0 | 14.0 | 0.0 | 0.0
R161 | 乐堡罐装 | 2.0 | 0.0006 | 14.0 | 0.0004 | 14.0 | 0.0005 | 0.0 | 0.0 | 14.0 | 0.0 | 0.0 | 14.0 | 0.0 | 0.0
R162 | 东方树叶茉莉花茶 | 2.0 | 0.0006 | 14.0 | 0.0004 | 14.0 | 0.0005 | 0.0 | 0.0 | 14.0 | 0.0 | 0.0 | 14.0 | 0.0 | 0.0
R163 | 雀巢咖啡丝滑拿铁咖啡饮料268ml | 2.0 | 0.0006 | 12.0 | 0.0004 | 12.0 | 0.0004 | 0.0 | 0.0 | 12.0 | 0.0 | 0.0 | 12.0 | 0.0 | 0.0
R164 | 蒙牛草莓软芯脆皮冰淇淋 | 2.0 | 0.0006 | 12.0 | 0.0004 | 12.0 | 0.0004 | 0.0 | 0.0 | 12.0 | 0.0 | 0.0 | 12.0 | 0.0 | 0.0
R165 | 莲藕 | 2.0 | 0.0006 | 12.0 | 0.0004 | 12.0 | 0.0004 | 0.0 | 0.0 | 12.0 | 0.0 | 0.0 | 12.0 | 0.0 | 0.0
R166 | 百世兴酒鬼花生原味110g | 2.0 | 0.0006 | 12.0 | 0.0004 | 12.0 | 0.0004 | 0.0 | 0.0 | 12.0 | 0.0 | 0.0 | 12.0 | 0.0 | 0.0
R167 | 方竹笋 | 2.0 | 0.0006 | 12.0 | 0.0004 | 12.0 | 0.0004 | 0.0 | 0.0 | 12.0 | 0.0 | 0.0 | 12.0 | 0.0 | 0.0
R168 | 外星人电解质白桃600ml | 2.0 | 0.0006 | 12.0 | 0.0004 | 12.0 | 0.0004 | 0.0 | 0.0 | 12.0 | 0.0 | 0.0 | 12.0 | 0.0 | 0.0
R169 | 外星人电解质水西柚 | 2.0 | 0.0006 | 12.0 | 0.0004 | 2.0 | 0.0001 | 10.0 | 0.0035 | 12.0 | 0.0 | 0.0 | 2.0 | 0.0 | 0.0
R170 | 佳越椒盐花生 | 2.0 | 0.0006 | 12.0 | 0.0004 | 12.0 | 0.0004 | 0.0 | 0.0 | 12.0 | 0.0 | 0.0 | 12.0 | 0.0 | 0.0
R171 | 双汇火腿肠 | 2.0 | 0.0006 | 10.64 | 0.0003 | 8.06 | 0.0003 | 2.58 | 0.0009 | 10.64 | 0.0 | 0.0 | 8.06 | 0.0 | 0.0
R172 | 阿萨姆白桃观音 | 2.0 | 0.0006 | 10.0 | 0.0003 | 10.0 | 0.0003 | 0.0 | 0.0 | 10.0 | 0.0 | 0.0 | 10.0 | 0.0 | 0.0
R173 | 维他命石榴蓝莓风味 | 2.0 | 0.0006 | 10.0 | 0.0003 | 10.0 | 0.0003 | 0.0 | 0.0 | 10.0 | 0.0 | 0.0 | 10.0 | 0.0 | 0.0
R174 | 拉芳薰衣草滋润香皂100g | 2.0 | 0.0006 | 10.0 | 0.0003 | 10.0 | 0.0003 | 0.0 | 0.0 | 10.0 | 0.0 | 0.0 | 10.0 | 0.0 | 0.0
R175 | 康师傅轻养果荟蜂蜜柚子饮品柚子味1L | 2.0 | 0.0006 | 10.0 | 0.0003 | 10.0 | 0.0003 | 0.0 | 0.0 | 10.0 | 0.0 | 0.0 | 10.0 | 0.0 | 0.0
R176 | 尖叫运动饮料多肽型550ml | 2.0 | 0.0006 | 10.0 | 0.0003 | 10.0 | 0.0003 | 0.0 | 0.0 | 10.0 | 0.0 | 0.0 | 10.0 | 0.0 | 0.0
R177 | 外星人维B柑橘 | 2.0 | 0.0006 | 10.0 | 0.0003 | 10.0 | 0.0003 | 0.0 | 0.0 | 10.0 | 0.0 | 0.0 | 10.0 | 0.0 | 0.0
R178 | 元气森林冰茶白桃茉莉味900ml | 2.0 | 0.0006 | 10.0 | 0.0003 | 10.0 | 0.0003 | 0.0 | 0.0 | 10.0 | 0.0 | 0.0 | 10.0 | 0.0 | 0.0
R179 | 东方树叶茉莉花茶原味500ml | 2.0 | 0.0006 | 10.0 | 0.0003 | 10.0 | 0.0003 | 0.0 | 0.0 | 10.0 | 0.0 | 0.0 | 10.0 | 0.0 | 0.0
R180 | 东方树叶绿茶原味 | 2.0 | 0.0006 | 10.0 | 0.0003 | 10.0 | 0.0003 | 0.0 | 0.0 | 10.0 | 0.0 | 0.0 | 10.0 | 0.0 | 0.0
R181 | 东方树叶乌龙茶500ml | 2.0 | 0.0006 | 10.0 | 0.0003 | 10.0 | 0.0003 | 0.0 | 0.0 | 10.0 | 0.0 | 0.0 | 10.0 | 0.0 | 0.0
R182 | 蒙牛绿色心情 | 2.0 | 0.0006 | 8.0 | 0.0002 | 6.15 | 0.0002 | 1.85 | 0.0007 | 8.0 | 0.0 | 0.0 | 6.15 | 0.0 | 0.0
R183 | 景丽华红豆方糕 | 2.0 | 0.0006 | 6.0 | 0.0002 | 6.0 | 0.0002 | 0.0 | 0.0 | 6.0 | 0.0 | 0.0 | 6.0 | 0.0 | 0.0
R184 | 南孚1.5V7号碱性电池5粒可撕挂卡装 | 2.0 | 0.0006 | 5.0 | 0.0002 | 5.0 | 0.0002 | 0.0 | 0.0 | 5.0 | 0.0 | 0.0 | 5.0 | 0.0 | 0.0
R185 | 双汇玉米香甜肠 | 2.0 | 0.0006 | 4.0 | 0.0001 | 4.0 | 0.0001 | 0.0 | 0.0 | 4.0 | 0.0 | 0.0 | 4.0 | 0.0 | 0.0
R186 | 糯米派红豆 | 2.0 | 0.0006 | 3.0 | 0.0001 | 3.0 | 0.0001 | 0.0 | 0.0 | 3.0 | 0.0 | 0.0 | 3.0 | 0.0 | 0.0
R187 | 汾酒清香型42度 | 1.0 | 0.0003 | 55.0 | 0.0017 | 55.0 | 0.0018 | 0.0 | 0.0 | 55.0 | 0.0 | 0.0 | 55.0 | 0.0 | 0.0
R188 | 和成槟榔干金石之交 | 1.0 | 0.0003 | 50.0 | 0.0015 | 50.0 | 0.0016 | 0.0 | 0.0 | 50.0 | 0.0 | 0.0 | 50.0 | 0.0 | 0.0
R189 | 尖椒蛙 | 1.0 | 0.0003 | 48.0 | 0.0014 | 48.0 | 0.0016 | 0.0 | 0.0 | 48.0 | 0.0 | 0.0 | 48.0 | 0.0 | 0.0
R190 | 钻石荷花香烟/盒 | 1.0 | 0.0003 | 45.0 | 0.0014 | 45.0 | 0.0015 | 0.0 | 0.0 | 45.0 | 0.0 | 0.0 | 45.0 | 0.0 | 0.0
R191 | 荤豆花 | 1.0 | 0.0003 | 38.0 | 0.0011 | 38.0 | 0.0013 | 0.0 | 0.0 | 38.0 | 0.0 | 0.0 | 38.0 | 0.0 | 0.0
R192 | 耗儿鱼 | 1.0 | 0.0003 | 38.0 | 0.0011 | 38.0 | 0.0013 | 0.0 | 0.0 | 38.0 | 0.0 | 0.0 | 38.0 | 0.0 | 0.0
R193 | 辣子鸡 | 1.0 | 0.0003 | 35.0 | 0.0011 | 35.0 | 0.0012 | 0.0 | 0.0 | 35.0 | 0.0 | 0.0 | 35.0 | 0.0 | 0.0
R194 | 芙蓉王硬中支/盒 | 1.0 | 0.0003 | 30.0 | 0.0009 | 30.0 | 0.001 | 0.0 | 0.0 | 30.0 | 0.0 | 0.0 | 30.0 | 0.0 | 0.0
R195 | 臻将30槟榔 | 1.0 | 0.0003 | 30.0 | 0.0009 | 30.0 | 0.001 | 0.0 | 0.0 | 30.0 | 0.0 | 0.0 | 30.0 | 0.0 | 0.0
R196 | 鲳鱼 | 1.0 | 0.0003 | 28.0 | 0.0008 | 28.0 | 0.0009 | 0.0 | 0.0 | 28.0 | 0.0 | 0.0 | 28.0 | 0.0 | 0.0
R197 | 鲜毛肚 | 1.0 | 0.0003 | 28.0 | 0.0008 | 28.0 | 0.0009 | 0.0 | 0.0 | 28.0 | 0.0 | 0.0 | 28.0 | 0.0 | 0.0
R198 | 鱼香肉丝 | 1.0 | 0.0003 | 28.0 | 0.0008 | 28.0 | 0.0009 | 0.0 | 0.0 | 28.0 | 0.0 | 0.0 | 28.0 | 0.0 | 0.0
R199 | 尖椒猪拱嘴 | 1.0 | 0.0003 | 28.0 | 0.0008 | 28.0 | 0.0009 | 0.0 | 0.0 | 28.0 | 0.0 | 0.0 | 28.0 | 0.0 | 0.0
R200 | 家常豆腐 | 1.0 | 0.0003 | 26.0 | 0.0008 | 26.0 | 0.0009 | 0.0 | 0.0 | 26.0 | 0.0 | 0.0 | 26.0 | 0.0 | 0.0
R201 | 回锅肉 | 1.0 | 0.0003 | 26.0 | 0.0008 | 26.0 | 0.0009 | 0.0 | 0.0 | 26.0 | 0.0 | 0.0 | 26.0 | 0.0 | 0.0
R202 | 芙蓉王硬香烟/盒 | 1.0 | 0.0003 | 25.0 | 0.0008 | 25.0 | 0.0008 | 0.0 | 0.0 | 25.0 | 0.0 | 0.0 | 25.0 | 0.0 | 0.0
R203 | 娇子宽窄醇香中支香烟/盒 | 1.0 | 0.0003 | 25.0 | 0.0008 | 25.0 | 0.0008 | 0.0 | 0.0 | 25.0 | 0.0 | 0.0 | 25.0 | 0.0 | 0.0
R204 | 虎皮凤爪 | 1.0 | 0.0003 | 22.0 | 0.0007 | 22.0 | 0.0007 | 0.0 | 0.0 | 22.0 | 0.0 | 0.0 | 22.0 | 0.0 | 0.0
R205 | 土豆肉丝 | 1.0 | 0.0003 | 22.0 | 0.0007 | 22.0 | 0.0007 | 0.0 | 0.0 | 22.0 | 0.0 | 0.0 | 22.0 | 0.0 | 0.0
R206 | 黄喉 | 1.0 | 0.0003 | 18.0 | 0.0005 | 18.0 | 0.0006 | 0.0 | 0.0 | 18.0 | 0.0 | 0.0 | 18.0 | 0.0 | 0.0
R207 | 麻婆豆腐 | 1.0 | 0.0003 | 18.0 | 0.0005 | 18.0 | 0.0006 | 0.0 | 0.0 | 18.0 | 0.0 | 0.0 | 18.0 | 0.0 | 0.0
R208 | 酥肉丝瓜汤 | 1.0 | 0.0003 | 18.0 | 0.0005 | 18.0 | 0.0006 | 0.0 | 0.0 | 18.0 | 0.0 | 0.0 | 18.0 | 0.0 | 0.0
R209 | 老村长白酒潇洒人生250m145度 | 1.0 | 0.0003 | 18.0 | 0.0005 | 1.0 | 0.0 | 17.0 | 0.006 | 18.0 | 0.0 | 0.0 | 1.0 | 0.0 | 0.0
R210 | 千层肚 | 1.0 | 0.0003 | 18.0 | 0.0005 | 18.0 | 0.0006 | 0.0 | 0.0 | 18.0 | 0.0 | 0.0 | 18.0 | 0.0 | 0.0
R211 | 飘柔含芦荟精华 | 1.0 | 0.0003 | 17.0 | 0.0005 | 17.0 | 0.0006 | 0.0 | 0.0 | 17.0 | 0.0 | 0.0 | 17.0 | 0.0 | 0.0
R212 | 贡菜 | 1.0 | 0.0003 | 16.0 | 0.0005 | 16.0 | 0.0005 | 0.0 | 0.0 | 16.0 | 0.0 | 0.0 | 16.0 | 0.0 | 0.0
R213 | 劲牌中国劲酒保健酒35度125ml | 1.0 | 0.0003 | 16.0 | 0.0005 | 16.0 | 0.0005 | 0.0 | 0.0 | 16.0 | 0.0 | 0.0 | 16.0 | 0.0 | 0.0
R214 | 酸菜粉丝汤 | 1.0 | 0.0003 | 15.0 | 0.0005 | 15.0 | 0.0005 | 0.0 | 0.0 | 15.0 | 0.0 | 0.0 | 15.0 | 0.0 | 0.0
R215 | 红糖糍粑 | 1.0 | 0.0003 | 15.0 | 0.0005 | 15.0 | 0.0005 | 0.0 | 0.0 | 15.0 | 0.0 | 0.0 | 15.0 | 0.0 | 0.0
R216 | 立白大师香氛洗衣粉800g | 1.0 | 0.0003 | 12.0 | 0.0004 | 12.0 | 0.0004 | 0.0 | 0.0 | 12.0 | 0.0 | 0.0 | 12.0 | 0.0 | 0.0
R217 | 益达清爽薄荷 | 1.0 | 0.0003 | 12.0 | 0.0004 | 12.0 | 0.0004 | 0.0 | 0.0 | 12.0 | 0.0 | 0.0 | 12.0 | 0.0 | 0.0
R218 | 益达口香糖白桃味 | 1.0 | 0.0003 | 12.0 | 0.0004 | 12.0 | 0.0004 | 0.0 | 0.0 | 12.0 | 0.0 | 0.0 | 12.0 | 0.0 | 0.0
R219 | 王老大香酥猪蹄 | 1.0 | 0.0003 | 12.0 | 0.0004 | 12.0 | 0.0004 | 0.0 | 0.0 | 12.0 | 0.0 | 0.0 | 12.0 | 0.0 | 0.0
R220 | 洽洽精选赤峰原香瓜子 | 1.0 | 0.0003 | 11.0 | 0.0003 | 11.0 | 0.0004 | 0.0 | 0.0 | 11.0 | 0.0 | 0.0 | 11.0 | 0.0 | 0.0
R221 | 红汤小锅 | 1.0 | 0.0003 | 10.39 | 0.0003 | 10.28 | 0.0003 | 0.11 | 0.0 | 10.39 | 0.0 | 0.0 | 10.28 | 0.0 | 0.0
R222 | 金纯大网格毛巾 | 1.0 | 0.0003 | 10.0 | 0.0003 | 10.0 | 0.0003 | 0.0 | 0.0 | 10.0 | 0.0 | 0.0 | 10.0 | 0.0 | 0.0
R223 | 统一鲜橙多果汁2L | 1.0 | 0.0003 | 10.0 | 0.0003 | 10.0 | 0.0003 | 0.0 | 0.0 | 10.0 | 0.0 | 0.0 | 10.0 | 0.0 | 0.0
R224 | 达利园法式软面包200g | 1.0 | 0.0003 | 8.0 | 0.0002 | 8.0 | 0.0003 | 0.0 | 0.0 | 8.0 | 0.0 | 0.0 | 8.0 | 0.0 | 0.0
R225 | 洽洽香瓜子160g | 1.0 | 0.0003 | 8.0 | 0.0002 | 8.0 | 0.0003 | 0.0 | 0.0 | 8.0 | 0.0 | 0.0 | 8.0 | 0.0 | 0.0
R226 | 洽洽凉茶瓜子 | 1.0 | 0.0003 | 8.0 | 0.0002 | 8.0 | 0.0003 | 0.0 | 0.0 | 8.0 | 0.0 | 0.0 | 8.0 | 0.0 | 0.0
R227 | 帝兰圣雪香草冰淇淋 | 1.0 | 0.0003 | 8.0 | 0.0002 | 8.0 | 0.0003 | 0.0 | 0.0 | 8.0 | 0.0 | 0.0 | 8.0 | 0.0 | 0.0
R228 | 奥利奥抹茶味 | 1.0 | 0.0003 | 7.5 | 0.0002 | 7.5 | 0.0002 | 0.0 | 0.0 | 7.5 | 0.0 | 0.0 | 7.5 | 0.0 | 0.0
R229 | 豆皮 | 1.0 | 0.0003 | 6.0 | 0.0002 | 6.0 | 0.0002 | 0.0 | 0.0 | 6.0 | 0.0 | 0.0 | 6.0 | 0.0 | 0.0
R230 | 西红柿 | 1.0 | 0.0003 | 6.0 | 0.0002 | 6.0 | 0.0002 | 0.0 | 0.0 | 6.0 | 0.0 | 0.0 | 6.0 | 0.0 | 0.0
R231 | 莴笋头 | 1.0 | 0.0003 | 6.0 | 0.0002 | 6.0 | 0.0002 | 0.0 | 0.0 | 6.0 | 0.0 | 0.0 | 6.0 | 0.0 | 0.0
R232 | 海带苗 | 1.0 | 0.0003 | 6.0 | 0.0002 | 6.0 | 0.0002 | 0.0 | 0.0 | 6.0 | 0.0 | 0.0 | 6.0 | 0.0 | 0.0
R233 | 康师傅大食桶面（红烧牛肉） | 1.0 | 0.0003 | 6.0 | 0.0002 | 6.0 | 0.0002 | 0.0 | 0.0 | 6.0 | 0.0 | 0.0 | 6.0 | 0.0 | 0.0
R234 | 外星人电解质水青柠 | 1.0 | 0.0003 | 6.0 | 0.0002 | 1.0 | 0.0 | 5.0 | 0.0018 | 6.0 | 0.0 | 0.0 | 1.0 | 0.0 | 0.0
R235 | 外星人电解质水椰子口味低糖 | 1.0 | 0.0003 | 6.0 | 0.0002 | 1.0 | 0.0 | 5.0 | 0.0018 | 6.0 | 0.0 | 0.0 | 1.0 | 0.0 | 0.0
R236 | 黄瓜条 | 1.0 | 0.0003 | 5.0 | 0.0002 | 5.0 | 0.0002 | 0.0 | 0.0 | 5.0 | 0.0 | 0.0 | 5.0 | 0.0 | 0.0
R237 | 香雪杯 | 1.0 | 0.0003 | 5.0 | 0.0002 | 5.0 | 0.0002 | 0.0 | 0.0 | 5.0 | 0.0 | 0.0 | 5.0 | 0.0 | 0.0
R238 | 阿萨姆青提茉莉 | 1.0 | 0.0003 | 5.0 | 0.0002 | 5.0 | 0.0002 | 0.0 | 0.0 | 5.0 | 0.0 | 0.0 | 5.0 | 0.0 | 0.0
R239 | 蒙牛火炬香菜咖啡冰淇淋 | 1.0 | 0.0003 | 5.0 | 0.0002 | 5.0 | 0.0002 | 0.0 | 0.0 | 5.0 | 0.0 | 0.0 | 5.0 | 0.0 | 0.0
R240 | 营养快线原味 | 1.0 | 0.0003 | 5.0 | 0.0002 | 5.0 | 0.0002 | 0.0 | 0.0 | 5.0 | 0.0 | 0.0 | 5.0 | 0.0 | 0.0
R241 | 茶π蜜桃乌龙茶500ml | 1.0 | 0.0003 | 5.0 | 0.0002 | 5.0 | 0.0002 | 0.0 | 0.0 | 5.0 | 0.0 | 0.0 | 5.0 | 0.0 | 0.0
R242 | 舒肤佳香皂芦荟呵护型115g | 1.0 | 0.0003 | 5.0 | 0.0002 | 5.0 | 0.0002 | 0.0 | 0.0 | 5.0 | 0.0 | 0.0 | 5.0 | 0.0 | 0.0
R243 | 维他命西梅桃子风味 | 1.0 | 0.0003 | 5.0 | 0.0002 | 5.0 | 0.0002 | 0.0 | 0.0 | 5.0 | 0.0 | 0.0 | 5.0 | 0.0 | 0.0
R244 | 琵琶腿 | 1.0 | 0.0003 | 5.0 | 0.0002 | 5.0 | 0.0002 | 0.0 | 0.0 | 5.0 | 0.0 | 0.0 | 5.0 | 0.0 | 0.0
R245 | 水溶C100西柚汁445ml | 1.0 | 0.0003 | 5.0 | 0.0002 | 3.0 | 0.0001 | 2.0 | 0.0007 | 5.0 | 0.0 | 0.0 | 3.0 | 0.0 | 0.0
R246 | 尖叫纤维550ml | 1.0 | 0.0003 | 5.0 | 0.0002 | 5.0 | 0.0002 | 0.0 | 0.0 | 5.0 | 0.0 | 0.0 | 5.0 | 0.0 | 0.0
R247 | 天山爷爷新疆玉葡萄 | 1.0 | 0.0003 | 5.0 | 0.0002 | 5.0 | 0.0002 | 0.0 | 0.0 | 5.0 | 0.0 | 0.0 | 5.0 | 0.0 | 0.0
R248 | 外星人维C西西里柠檬 | 1.0 | 0.0003 | 5.0 | 0.0002 | 5.0 | 0.0002 | 0.0 | 0.0 | 5.0 | 0.0 | 0.0 | 5.0 | 0.0 | 0.0
R249 | 东方树叶菊花普洱 | 1.0 | 0.0003 | 5.0 | 0.0002 | 5.0 | 0.0002 | 0.0 | 0.0 | 5.0 | 0.0 | 0.0 | 5.0 | 0.0 | 0.0
R250 | 雕牌清柠飘香透明皂176g | 1.0 | 0.0003 | 4.0 | 0.0001 | 4.0 | 0.0001 | 0.0 | 0.0 | 4.0 | 0.0 | 0.0 | 4.0 | 0.0 | 0.0
R251 | 苏打水天然白桃味 | 1.0 | 0.0003 | 4.0 | 0.0001 | 4.0 | 0.0001 | 0.0 | 0.0 | 4.0 | 0.0 | 0.0 | 4.0 | 0.0 | 0.0
R252 | 益达蓝莓条 | 1.0 | 0.0003 | 4.0 | 0.0001 | 4.0 | 0.0001 | 0.0 | 0.0 | 4.0 | 0.0 | 0.0 | 4.0 | 0.0 | 0.0
R253 | 武冈腊香干 | 1.0 | 0.0003 | 4.0 | 0.0001 | 4.0 | 0.0001 | 0.0 | 0.0 | 4.0 | 0.0 | 0.0 | 4.0 | 0.0 | 0.0
R254 | 东鹏补水啦电解质饮料白桃味555ml | 1.0 | 0.0003 | 4.0 | 0.0001 | 0.0 | 0.0 | 4.0 | 0.0014 | 4.0 | 0.0 | 0.0 | 0.0 | 0.0 | 0.0
R255 | 东鹏焙好茶茉莉乌龙 | 1.0 | 0.0003 | 4.0 | 0.0001 | 4.0 | 0.0001 | 0.0 | 0.0 | 4.0 | 0.0 | 0.0 | 4.0 | 0.0 | 0.0
R256 | 葡萄冰球 | 1.0 | 0.0003 | 3.5 | 0.0001 | 3.5 | 0.0001 | 0.0 | 0.0 | 3.5 | 0.0 | 0.0 | 3.5 | 0.0 | 0.0
R257 | 鞋刷 | 1.0 | 0.0003 | 3.0 | 0.0001 | 3.0 | 0.0001 | 0.0 | 0.0 | 3.0 | 0.0 | 0.0 | 3.0 | 0.0 | 0.0
R258 | 蒙牛纯脆草莓香草脆皮雪糕 | 1.0 | 0.0003 | 3.0 | 0.0001 | 1.24 | 0.0 | 1.76 | 0.0006 | 3.0 | 0.0 | 0.0 | 1.24 | 0.0 | 0.0
R259 | 洁柔Face软抽纸面巾3层110抽8包 | 1.0 | 0.0003 | 3.0 | 0.0001 | 3.0 | 0.0001 | 0.0 | 0.0 | 3.0 | 0.0 | 0.0 | 3.0 | 0.0 | 0.0
R260 | 康师傅绿茶500ml | 1.0 | 0.0003 | 3.0 | 0.0001 | 3.0 | 0.0001 | 0.0 | 0.0 | 3.0 | 0.0 | 0.0 | 3.0 | 0.0 | 0.0
R261 | 康师傅冰红茶500ml | 1.0 | 0.0003 | 3.0 | 0.0001 | 3.0 | 0.0001 | 0.0 | 0.0 | 3.0 | 0.0 | 0.0 | 3.0 | 0.0 | 0.0
R262 | 奶提子雪糕 | 1.0 | 0.0003 | 3.0 | 0.0001 | 3.0 | 0.0001 | 0.0 | 0.0 | 3.0 | 0.0 | 0.0 | 3.0 | 0.0 | 0.0
R263 | 吴婷麻辣卷 | 1.0 | 0.0003 | 3.0 | 0.0001 | 3.0 | 0.0001 | 0.0 | 0.0 | 3.0 | 0.0 | 0.0 | 3.0 | 0.0 | 0.0
R264 | 冬瓜 | 1.0 | 0.0003 | 3.0 | 0.0001 | 3.0 | 0.0001 | 0.0 | 0.0 | 3.0 | 0.0 | 0.0 | 3.0 | 0.0 | 0.0
R265 | 明发卤鸡蛋 | 1.0 | 0.0003 | 2.0 | 0.0001 | 2.0 | 0.0001 | 0.0 | 0.0 | 2.0 | 0.0 | 0.0 | 2.0 | 0.0 | 0.0
R266 | 糯米派香草 | 1.0 | 0.0003 | 1.5 | 0.0 | 1.5 | 0.0 | 0.0 | 0.0 | 1.5 | 0.0 | 0.0 | 1.5 | 0.0 | 0.0
R267 | 佳渝白糖糯米 | 1.0 | 0.0003 | 1.5 | 0.0 | 1.5 | 0.0 | 0.0 | 0.0 | 1.5 | 0.0 | 0.0 | 1.5 | 0.0 | 0.0
R268 | 真知棒棒糖 | 1.0 | 0.0003 | 1.0 | 0.0 | 1.0 | 0.0 | 0.0 | 0.0 | 1.0 | 0.0 | 0.0 | 1.0 | 0.0 | 0.0
R269 | 旺旺碎冰冰可乐 | 1.0 | 0.0003 | 1.0 | 0.0 | 1.0 | 0.0 | 0.0 | 0.0 | 1.0 | 0.0 | 0.0 | 1.0 | 0.0 | 0.0
R270 | 合计 | 3280.3 | 1.0 | 33146.2 | 1.0 | 30319.7 | 1.0 | 2826.5 | 1.0 | 33146.2 | 0.0 | 0.0 | 30319.7 | 0.0 | 0.0
