FILE: 门店下载_20260907至20260913__5366951484_20261005190640294.xlsx

#### sheet: data  (A1:CF8)  max_row=8 max_col=84
R1   | 日期 | 门店名称 | 门店编号 | 有效订单 | 无效订单 | 收入 | 营业额 | 商品销售额 | 打包费 | 商家应收配送费 | 索赔单 | 其他营业额 | 支出 | 平台技术服务费 | 活动补贴 | 代金券补贴 | 配送费补贴 | 智能满减补贴 | 智能满减服务费 | 履约技术服务费 | 退单费用 | 其他支出 | 顾客实付总额 | 单均实付 | 单均收入 | 商户原因无效订单数 | 曝光人数 | 新客曝光人数 | 老客曝光人数 | 进店人数 | 新客进店人数 | 老客进店人数 | 下单人数 | 新客下单人数 | 老客下单人数 | 进店转化率 | 新客进店转化率 | 老客进店转化率 | 下单转化率 | 新客下单转化率 | 老客下单转化率 | 曝光次数 | 进店次数 | 下单次数 | 参与活动数 | 活动订单数 | 活动订单占比 | 满减活动订单数 | 超会活动订单数 | 配送活动订单数 | 投入产出比 | 活动总补贴 | 饿了么补贴 | 代理商补贴 | 商家活动成本（含满减活动） | 商家活动成本（不含满减活动） | 营销力度（含满减活动） | 营销力度（不含满减活动） | 近7日复购人数 | 近7日复购率 | 近30日复购人数 | 近30日复购率 | 上架商品数 | 有交易商品数 | 库存不足商品数 | 新上架商品数 | 活动商品数 | 差评订单数 | 投诉订单数 | 投诉订单id | 出餐超时订单数 | 出餐超时订单id | 单均出餐时长 | 拒单数 | 商责退单数 | 商责取消率 | 商责退单率 | 商责取消数 | 自配送配送信息未上报订单数 | 自配送配送信息未上报订单列表 | 自配送送达超时订单数 | 自配送送达超时订单列表 | 自取时长设置值 | 单均取餐时长
R2   | 2026-09-07 | 耙三样·耙牛肉(渝北中医院店) | 541520899 | 2 | 0 | 40.39 | 78.0 | 76.0 | 2.0 | 0.0 | 0.0 | 0.0 | 37.61 | 1.69 | 9.4 | 13.0 | 7.7 | 0.0 | 0.0 | 5.82 | 0.0 | 0.0 | 44.27 | 22.14 | 20.2 | 0 | 261 | 210 | 51 | 17 | 12 | 5 | 2 | 0 | 2 | 0.065 | 0.057 | 0.098 | 0.118 | 0.0 | 0.4 | 340 | 30 | 2 | 0 | 2 | 1.0 | 0 | 0 | 2 | 1.4708 | 42.13 | 12.03 | 0.0 | 30.1 | 30.1 | 0.3484 | 0.35 | 0 | 0.0 | 19 | 0.152 | 44 | 1 | 0 | 0 | 20 | 0 | 0 |  | 0 |  | 6.71 | 0 | 0 | 0.0 | 0.0 | 0 | 0 |  | 0 |  | 未设置 | 17
R3   | 2026-09-08 | 耙三样·耙牛肉(渝北中医院店) | 541520899 | 14 | 0 | 291.95 | 573.88 | 555.68 | 18.2 | 0.0 | 0.0 | 0.0 | 281.93 | 12.25 | 44.2 | 127.58 | 54.2 | 0.0 | 0.0 | 43.7 | 0.0 | 0.0 | 333.88 | 23.85 | 20.85 | 0 | 461 | 399 | 62 | 46 | 32 | 14 | 14 | 5 | 9 | 0.1 | 0.08 | 0.226 | 0.304 | 0.156 | 0.643 | 782 | 81 | 14 | 0 | 14 | 1.0 | 0 | 0 | 14 | 1.4775 | 319.6 | 73.82 | 0.0 | 225.98 | 225.98 | 0.3566 | 0.36 | 1 | 0.025 | 22 | 0.179 | 44 | 15 | 0 | 0 | 20 | 0 | 0 |  | 0 |  | 8.1 | 0 | 0 | 0.0 | 0.0 | 0 | 0 |  | 0 |  | 未设置 | 11
R4   | 2026-09-09 | 耙三样·耙牛肉(渝北中医院店) | 541520899 | 4 | 0 | 77.43 | 151.8 | 147.8 | 4.0 | 0.0 | 0.0 | 0.0 | 74.37 | 3.23 | 19.8 | 24.0 | 15.7 | 0.0 | 0.0 | 11.64 | 0.0 | 0.0 | 95.4 | 23.85 | 19.36 | 0 | 587 | 547 | 40 | 41 | 35 | 6 | 4 | 3 | 1 | 0.07 | 0.064 | 0.15 | 0.098 | 0.086 | 0.167 | 1051 | 64 | 4 | 0 | 4 | 1.0 | 0 | 0 | 4 | 1.6034 | 73.2 | 13.7 | 0.0 | 59.5 | 59.5 | 0.3529 | 0.35 | 2 | 0.054 | 22 | 0.182 | 44 | 4 | 0 | 0 | 20 | 0 | 0 |  | 0 |  | 9.17 | 0 | 0 | 0.0 | 0.0 | 0 | 0 |  | 0 |  | 未设置 | 13
R5   | 2026-09-10 | 耙三样·耙牛肉(渝北中医院店) | 541520899 | 6 | 0 | 128.0 | 235.0 | 231.0 | 4.0 | 0.0 | 0.0 | 0.0 | 107.0 | 5.3 | 38.6 | 22.0 | 23.4 | 0.0 | 0.0 | 17.7 | 0.0 | 0.0 | 154.2 | 25.7 | 21.33 | 0 | 517 | 470 | 47 | 44 | 35 | 9 | 6 | 1 | 5 | 0.085 | 0.074 | 0.191 | 0.136 | 0.029 | 0.556 | 967 | 73 | 6 | 3 | 6 | 1.0 | 0 | 0 | 6 | 1.8357 | 106.5 | 22.5 | 0.0 | 84.0 | 84.0 | 0.3222 | 0.32 | 3 | 0.081 | 23 | 0.189 | 45 | 3 | 0 | 0 | 20 | 1 | 0 |  | 0 |  | 7.26 | 0 | 0 | 0.0 | 0.0 | 0 | 0 |  | 0 |  | 未设置 | 12
R6   | 2026-09-11 | 耙三样·耙牛肉(渝北中医院店) | 541520899 | 2 | 0 | 36.24 | 76.0 | 74.0 | 2.0 | 0.0 | 0.0 | 0.0 | 39.76 | 1.55 | 0.0 | 23.9 | 8.0 | 0.0 | 0.0 | 6.31 | 0.0 | 0.0 | 38.5 | 19.25 | 18.12 | 0 | 415 | 362 | 53 | 51 | 37 | 14 | 2 | 0 | 2 | 0.123 | 0.102 | 0.264 | 0.039 | 0.0 | 0.143 | 630 | 68 | 2 | 3 | 2 | 1.0 | 0 | 0 | 2 | 1.2069 | 70.0 | 16.1 | 0.0 | 31.9 | 31.9 | 0.3688 | 0.37 | 4 | 0.121 | 20 | 0.167 | 45 | 2 | 0 | 0 | 20 | 0 | 0 |  | 0 |  | 7.86 | 0 | 0 | 0.0 | 0.0 | 0 | 0 |  | 0 |  | 未设置 | 11
R7   | 2026-09-12 | 耙三样·耙牛肉(渝北中医院店) | 541520899 | 11 | 0 | 235.93 | 445.0 | 436.0 | 9.0 | 0.0 | 0.0 | 0.0 | 209.07 | 9.91 | 70.1 | 50.23 | 42.5 | 0.0 | 0.0 | 36.33 | 0.0 | 0.0 | 269.4 | 24.49 | 21.45 | 0 | 556 | 506 | 50 | 59 | 47 | 12 | 11 | 7 | 4 | 0.106 | 0.093 | 0.24 | 0.186 | 0.149 | 0.333 | 1018 | 95 | 11 | 3 | 11 | 1.0 | 0 | 0 | 11 | 1.6545 | 243.7 | 64.37 | 0.0 | 162.83 | 162.83 | 0.3279 | 0.33 | 5 | 0.125 | 21 | 0.163 | 45 | 9 | 0 | 0 | 20 | 0 | 0 |  | 0 |  | 7.48 | 0 | 0 | 0.0 | 0.0 | 0 | 0 |  | 0 |  | 未设置 | 15
R8   | 2026-09-13 | 耙三样·耙牛肉(渝北中医院店) | 541520899 | 7 | 0 | 170.92 | 310.6 | 302.6 | 8.0 | 0.0 | 0.0 | 0.0 | 139.68 | 7.1 | 33.8 | 47.77 | 26.8 | 0.0 | 0.0 | 24.21 | 0.0 | 0.0 | 194.1 | 27.73 | 24.42 | 0 | 449 | 389 | 60 | 47 | 35 | 12 | 7 | 2 | 5 | 0.105 | 0.09 | 0.2 | 0.149 | 0.057 | 0.417 | 738 | 67 | 7 | 3 | 7 | 1.0 | 0 | 0 | 7 | 1.7911 | 190.4 | 36.53 | 0.0 | 108.37 | 108.37 | 0.3197 | 0.32 | 4 | 0.095 | 23 | 0.174 | 45 | 8 | 0 | 0 | 20 | 0 | 0 |  | 0 |  | 7.95 | 0 | 0 | 0.0 | 0.0 | 0 | 0 |  | 0 |  | 未设置 | 11

#### sheet: meta  (A1:B3)  max_row=3 max_col=2
R1   | 文件名 | 门店下载_20260907至20260913__5366951484_20261005190640294.xlsx
R2   | 操作者 | 
R3   | 日期 | 2026-10-05 19:06:40
